// [
//     [],
//     [[-26.5,0],[0,-13.5],[26.5,0],[0,13.5]],
//     [[-26.5,-20],[0,-13.5],[26.5,0],[0,13.5]],
//     [[-26.5,0],[0,-33.5],[26.5,0],[0,13.5]],
//     [[-26.5,-20],[0,-33.5],[26.5,0],[0,13.5]],
//     [[-26.5,0],[0,-13.5],[26.5,-20],[0,13.5]],
//     [[-26.5,-20],[0,-13.5],[26.5,-20],[0,13.5]],
//     [[-26.5,0],[0,-33.5],[26.5,-20],[0,13.5]],
//     [[-26.5,-20],[0,-33.5],[26.5,-20],[0,13.5]],
//     [[-26.5,0],[0,-13.5],[26.5,0],[0,-6.5]],
//     [[-26.5,-20],[0,-13.5],[26.5,0],[0,-6.5]],
//     [[-26.5,0],[0,-33.5],[26.5,0],[0,-6.5]],
//     [[-26.5,-20],[0,-33.5],[26.5,0],[0,-6.5]],
//     [[-26.5,0],[0,-13.5],[26.5,-20],[0,-6.5]],
//     [[-26.5,-20],[0,-13.5],[26.5,-20],[0,-6.5]],
//     [[-26.5,0],[0,-33.5],[26.5,-20],[0,-6.5]]
// ]